%YAML:1.0
---
banana: [ 1547, 662, 1546, 663, 1522, 663, 1521, 664, 1507, 664, 1506,
    665, 1490, 665, 1489, 666, 1478, 666, 1477, 667, 1469, 667, 1468,
    668, 1462, 668, 1461, 669, 1455, 669, 1454, 670, 1449, 670, 1448,
    671, 1445, 671, 1444, 672, 1439, 672, 1438, 673, 1433, 673, 1432,
    674, 1427, 674, 1426, 675, 1418, 675, 1417, 676, 1412, 676, 1411,
    677, 1407, 677, 1406, 678, 1401, 678, 1400, 679, 1397, 679, 1396,
    680, 1394, 680, 1393, 681, 1390, 681, 1389, 682, 1386, 682, 1385,
    683, 1382, 683, 1381, 684, 1380, 684, 1379, 685, 1377, 685, 1376,
    686, 1373, 686, 1372, 687, 1370, 687, 1369, 688, 1366, 688, 1365,
    689, 1363, 689, 1362, 690, 1359, 690, 1358, 691, 1356, 691, 1355,
    692, 1352, 692, 1351, 693, 1349, 693, 1348, 694, 1345, 694, 1344,
    695, 1341, 695, 1340, 696, 1338, 696, 1337, 697, 1335, 697, 1334,
    698, 1332, 698, 1331, 699, 1329, 699, 1328, 700, 1326, 700, 1325,
    701, 1323, 701, 1322, 702, 1320, 702, 1319, 703, 1317, 703, 1316,
    704, 1314, 704, 1313, 705, 1311, 705, 1310, 706, 1308, 706, 1307,
    707, 1305, 707, 1304, 708, 1303, 708, 1302, 709, 1300, 709, 1299,
    710, 1298, 710, 1297, 711, 1295, 711, 1294, 712, 1293, 712, 1292,
    713, 1290, 713, 1289, 714, 1287, 714, 1286, 715, 1285, 715, 1284,
    716, 1283, 716, 1282, 717, 1280, 717, 1279, 718, 1278, 718, 1277,
    719, 1275, 719, 1274, 720, 1272, 720, 1271, 721, 1270, 721, 1269,
    722, 1267, 722, 1266, 723, 1264, 723, 1263, 724, 1262, 724, 1261,
    725, 1259, 725, 1258, 726, 1257, 726, 1256, 727, 1255, 727, 1254,
    728, 1252, 728, 1251, 729, 1250, 729, 1249, 730, 1247, 730, 1246,
    731, 1244, 731, 1243, 732, 1241, 732, 1240, 733, 1239, 733, 1238,
    734, 1236, 734, 1235, 735, 1234, 735, 1233, 736, 1232, 736, 1231,
    737, 1229, 737, 1228, 738, 1227, 738, 1226, 739, 1225, 739, 1224,
    740, 1223, 740, 1222, 741, 1221, 741, 1220, 742, 1218, 742, 1217,
    743, 1215, 743, 1214, 744, 1212, 744, 1211, 745, 1209, 745, 1208,
    746, 1206, 746, 1205, 747, 1203, 747, 1202, 748, 1200, 748, 1199,
    749, 1197, 749, 1196, 750, 1193, 750, 1192, 751, 1189, 751, 1188,
    752, 1185, 752, 1184, 753, 1181, 753, 1180, 754, 1177, 754, 1176,
    755, 1173, 755, 1172, 756, 1170, 756, 1169, 757, 1167, 757, 1166,
    758, 1164, 758, 1163, 759, 1161, 759, 1160, 760, 1158, 760, 1157,
    761, 1155, 761, 1154, 762, 1153, 762, 1152, 763, 1150, 763, 1149,
    764, 1147, 764, 1146, 765, 1144, 765, 1143, 766, 1142, 766, 1141,
    767, 1140, 767, 1139, 768, 1137, 768, 1136, 769, 1135, 769, 1134,
    770, 1132, 770, 1131, 771, 1130, 771, 1129, 772, 1128, 772, 1127,
    773, 1125, 773, 1124, 774, 1123, 774, 1122, 775, 1121, 775, 1120,
    776, 1119, 776, 1118, 777, 1116, 777, 1115, 778, 1114, 778, 1113,
    779, 1111, 779, 1110, 780, 1109, 780, 1108, 781, 1107, 781, 1106,
    782, 1105, 782, 1104, 783, 1102, 783, 1101, 784, 1100, 784, 1099,
    785, 1098, 785, 1097, 786, 1096, 786, 1095, 787, 1094, 787, 1093,
    788, 1092, 788, 1091, 789, 1090, 789, 1089, 790, 1088, 790, 1087,
    791, 1085, 791, 1084, 792, 1083, 792, 1082, 793, 1081, 793, 1080,
    794, 1079, 794, 1078, 795, 1077, 795, 1076, 796, 1074, 796, 1072,
    798, 1071, 798, 1070, 799, 1069, 799, 1068, 800, 1067, 800, 1066,
    801, 1065, 801, 1064, 802, 1063, 802, 1062, 803, 1061, 803, 1060,
    804, 1059, 804, 1058, 805, 1057, 805, 1056, 806, 1055, 806, 1054,
    807, 1053, 807, 1052, 808, 1051, 808, 1050, 809, 1049, 809, 1048,
    810, 1047, 810, 1046, 811, 1045, 811, 1043, 813, 1042, 813, 1040,
    815, 1039, 815, 1038, 816, 1037, 816, 1036, 817, 1035, 817, 1033,
    819, 1032, 819, 1031, 820, 1030, 820, 1029, 821, 1028, 821, 1026,
    823, 1025, 823, 1024, 824, 1023, 824, 1022, 825, 1021, 825, 1020,
    826, 1019, 826, 1018, 827, 1017, 827, 1015, 829, 1014, 829, 1013,
    830, 1012, 830, 1010, 832, 1009, 832, 1008, 833, 1007, 833, 1006,
    834, 1005, 834, 1004, 835, 1003, 835, 1002, 836, 1001, 836, 999, 838,
    998, 838, 996, 840, 995, 840, 993, 842, 992, 842, 990, 844, 989, 844,
    987, 846, 986, 846, 985, 847, 984, 847, 982, 849, 981, 849, 980, 850,
    979, 850, 977, 852, 976, 852, 975, 853, 974, 853, 972, 855, 971, 855,
    970, 856, 969, 856, 967, 858, 966, 858, 965, 859, 964, 859, 962, 861,
    961, 861, 959, 863, 958, 863, 957, 864, 956, 864, 955, 865, 954, 865,
    952, 867, 951, 867, 950, 868, 949, 868, 947, 870, 946, 870, 944, 872,
    943, 872, 940, 875, 939, 875, 938, 876, 937, 876, 936, 877, 935, 877,
    933, 879, 932, 879, 930, 881, 929, 881, 927, 883, 926, 883, 923, 886,
    922, 886, 920, 888, 919, 888, 916, 891, 915, 891, 913, 893, 912, 893,
    910, 895, 909, 895, 907, 897, 906, 897, 904, 899, 903, 899, 898, 904,
    897, 904, 891, 910, 890, 910, 886, 914, 885, 914, 880, 919, 879, 919,
    875, 923, 874, 923, 869, 928, 868, 928, 863, 933, 862, 933, 842, 953,
    841, 953, 840, 954, 840, 955, 833, 962, 833, 963, 827, 969, 827, 970,
    804, 993, 804, 994, 784, 1014, 784, 1015, 781, 1018, 781, 1019, 778,
    1022, 778, 1023, 776, 1025, 776, 1026, 773, 1029, 773, 1030, 770,
    1033, 770, 1034, 767, 1037, 767, 1038, 765, 1040, 765, 1041, 762,
    1044, 762, 1045, 760, 1047, 760, 1048, 757, 1051, 757, 1052, 754,
    1055, 754, 1056, 751, 1059, 751, 1060, 749, 1062, 749, 1063, 747,
    1065, 747, 1066, 744, 1069, 744, 1070, 741, 1073, 741, 1074, 739,
    1076, 739, 1077, 737, 1079, 737, 1080, 736, 1081, 736, 1082, 734,
    1084, 734, 1085, 732, 1087, 732, 1088, 731, 1089, 731, 1090, 729,
    1092, 729, 1093, 728, 1094, 728, 1095, 726, 1097, 726, 1098, 725,
    1099, 725, 1100, 724, 1101, 724, 1102, 722, 1104, 722, 1105, 721,
    1106, 721, 1107, 719, 1109, 719, 1111, 718, 1112, 718, 1113, 717,
    1114, 717, 1115, 716, 1116, 716, 1117, 715, 1118, 715, 1120, 714,
    1121, 714, 1122, 713, 1123, 713, 1125, 712, 1126, 712, 1128, 711,
    1129, 711, 1131, 710, 1132, 710, 1135, 709, 1136, 709, 1138, 708,
    1139, 708, 1141, 707, 1142, 707, 1144, 706, 1145, 706, 1148, 705,
    1149, 705, 1152, 704, 1153, 704, 1155, 703, 1156, 703, 1157, 702,
    1158, 702, 1160, 701, 1161, 701, 1163, 700, 1164, 700, 1166, 699,
    1167, 699, 1169, 698, 1170, 698, 1171, 697, 1172, 697, 1174, 696,
    1175, 696, 1176, 695, 1177, 695, 1179, 694, 1180, 694, 1182, 693,
    1183, 693, 1184, 692, 1185, 692, 1186, 691, 1187, 691, 1189, 690,
    1190, 690, 1191, 689, 1192, 689, 1194, 688, 1195, 688, 1196, 687,
    1197, 687, 1199, 686, 1200, 686, 1201, 685, 1202, 685, 1203, 684,
    1204, 684, 1206, 683, 1207, 683, 1208, 682, 1209, 682, 1210, 681,
    1211, 681, 1212, 680, 1213, 680, 1214, 679, 1215, 679, 1217, 678,
    1218, 678, 1220, 677, 1221, 677, 1222, 676, 1223, 676, 1225, 675,
    1226, 675, 1228, 674, 1229, 674, 1231, 673, 1232, 673, 1234, 672,
    1235, 672, 1237, 671, 1238, 671, 1240, 670, 1241, 670, 1243, 669,
    1244, 669, 1246, 668, 1247, 668, 1249, 667, 1250, 667, 1252, 666,
    1253, 666, 1256, 665, 1257, 665, 1259, 664, 1260, 664, 1263, 663,
    1264, 663, 1269, 662, 1270, 662, 1274, 661, 1275, 661, 1280, 660,
    1281, 660, 1293, 659, 1294, 659, 1305, 658, 1306, 658, 1327, 659,
    1328, 659, 1339, 660, 1340, 660, 1347, 661, 1348, 661, 1354, 662,
    1355, 662, 1362, 663, 1363, 663, 1370, 664, 1371, 664, 1378, 665,
    1379, 665, 1383, 666, 1384, 666, 1387, 667, 1388, 667, 1392, 668,
    1393, 668, 1397, 669, 1398, 669, 1401, 670, 1402, 670, 1405, 671,
    1406, 671, 1408, 672, 1409, 672, 1412, 673, 1413, 673, 1415, 674,
    1416, 674, 1417, 675, 1418, 675, 1420, 677, 1422, 677, 1424, 678,
    1425, 678, 1426, 679, 1427, 679, 1429, 680, 1430, 680, 1431, 681,
    1432, 681, 1433, 682, 1434, 682, 1435, 683, 1436, 683, 1438, 684,
    1439, 684, 1441, 688, 1445, 688, 1446, 689, 1447, 689, 1448, 691,
    1450, 691, 1452, 692, 1453, 692, 1455, 693, 1456, 693, 1469, 692,
    1470, 692, 1471, 690, 1473, 690, 1474, 688, 1476, 688, 1480, 687,
    1481, 687, 1483, 685, 1485, 685, 1488, 684, 1489, 684, 1492, 683,
    1493, 683, 1494, 682, 1495, 682, 1496, 681, 1497, 681, 1498, 680,
